xs = [0; 0; 0; 0; 0; 0; 0; 0; 0; 0; 0; 0; 0; 0; 0; 0; 0; 0; 0; 0; 0; 0.00025000000000000006; 0.0010000000000000002; 0.0022500000000000007; 0.004000000000000001; 0.00625; 0.009; 0.012249999999999999; 0.016; 0.020249999999999997; 0.024999999999999994; 0.030249999999999992; 0.036; 0.04225; 0.04900000000000001; 0.056250000000000015; 0.06400000000000003; 0.07225000000000004; 0.08100000000000004; 0.09025000000000005; 0.1; 0.15; 0.20000000000000004; 0.25000000000000006; 0.30000000000000004; 0.35; 0.4; 0.44999999999999996; 0.5; 0.5499999999999999; 0.5999999999999999; 0.6499999999999999; 0.7; 0.75; 0.8000000000000002; 0.8500000000000002; 0.9000000000000001; 0.9500000000000002; 1.0000000000000004; 1.0500000000000003; 1.1; 1.2114999999999998; 1.326; 1.4435000000000002; 1.5640000000000005; 1.6875; 1.8139999999999998; 1.9435; 2.076; 2.2115; 2.3499999999999996; 2.4915; 2.636; 2.7835; 2.934; 3.0875000000000004; 3.2440000000000007; 3.403500000000001; 3.5660000000000007; 3.731500000000001; 3.9; 4.050249999999999; 4.2010000000000005; 4.35225; 4.5040000000000004; 4.65625; 4.808999999999999; 4.96225; 5.1160000000000005; 5.27025; 5.424999999999999; 5.58025; 5.736000000000001; 5.89225; 6.049; 6.206250000000001; 6.364000000000001; 6.52225; 6.681; 6.840250000000001; 7; 7.139749999999999; 7.279000000000001; 7.417750000000001; 7.556000000000001; 7.6937500000000005; 7.8309999999999995; 7.9677500000000006; 8.104000000000001; 8.23975; 8.374999999999998; 8.50975; 8.644; 8.777750000000001; 8.911; 9.04375; 9.176; 9.307749999999999; 9.439; 9.569749999999999; 9.7; 9.819749999999997; 9.939; 10.057749999999999; 10.176000000000002; 10.29375; 10.411; 10.527750000000001; 10.644; 10.75975; 10.874999999999998; 10.98975; 11.104; 11.21775; 11.331; 11.443750000000001; 11.556000000000001; 11.667750000000002; 11.779; 11.889750000000001; 12; 12.099999999999998; 12.200000000000001; 12.299999999999999; 12.400000000000002; 12.5; 12.6; 12.7; 12.800000000000002; 12.9; 13; 13.1; 13.2; 13.3; 13.4; 13.5; 13.600000000000001; 13.7; 13.799999999999999; 13.900000000000002; 14; 14.109999999999998; 14.22; 14.33; 14.440000000000001; 14.549999999999999; 14.659999999999998; 14.769999999999998; 14.880000000000003; 14.989999999999998; 15.099999999999998; 15.209999999999997; 15.319999999999999; 15.429999999999998; 15.54; 15.649999999999999; 15.76; 15.870000000000001; 15.98; 16.09; 16.2; 16.339749999999995; 16.479; 16.61775; 16.756000000000004; 16.893749999999997; 17.031; 17.16775; 17.304000000000002; 17.43975; 17.574999999999996; 17.70975; 17.844; 17.97775; 18.110999999999997; 18.24375; 18.375999999999998; 18.507749999999998; 18.639; 18.769750000000002; 18.9; 18.999749999999995; 19.098999999999997; 19.197749999999996; 19.296; 19.39375; 19.491; 19.587749999999996; 19.684; 19.77975; 19.874999999999996; 19.969749999999998; 20.064; 20.15775; 20.250999999999998; 20.34375; 20.436; 20.527749999999997; 20.619; 20.70975; 20.8; 20.889249999999997; 20.977000000000004; 21.06325; 21.148; 21.23125; 21.313; 21.393250000000002; 21.472; 21.549250000000004; 21.624999999999996; 21.69925; 21.772; 21.843249999999998; 21.912999999999997; 21.98125; 22.048000000000002; 22.11325; 22.177000000000003; 22.23925; 22.3; 22.360249999999997; 22.421000000000003; 22.48225; 22.544; 22.606250000000003; 22.668999999999997; 22.73225; 22.796000000000003; 22.86025; 22.924999999999997; 22.99025; 23.055999999999997; 23.12225; 23.189; 23.25625; 23.324000000000005; 23.39225; 23.461; 23.530250000000002; 23.6; 23.64; 23.680000000000003; 23.720000000000002; 23.760000000000005; 23.8; 23.839999999999996; 23.880000000000003; 23.920000000000005; 23.96; 23.999999999999996; 24.04; 24.080000000000002; 24.119999999999997; 24.16; 24.199999999999996; 24.24; 24.279999999999998; 24.32; 24.36; 24.4; 24.420499999999993; 24.442000000000004; 24.464499999999997; 24.488; 24.5125; 24.537999999999997; 24.564500000000002; 24.592000000000006; 24.6205; 24.65; 24.680500000000002; 24.712000000000003; 24.7445; 24.778; 24.8125; 24.848; 24.8845; 24.922; 24.9605; 25; 25; 25; 25; 25; 25; 25; 25; 25; 25; 25; 25; 25; 25; 25; 25; 25; 25; 25; 25; 25; 24.938999999999997; 24.875999999999998; 24.811; 24.744; 24.674999999999997; 24.604; 24.530999999999995; 24.456000000000003; 24.379; 24.299999999999994; 24.219; 24.136; 24.051; 23.964; 23.875; 23.784; 23.691; 23.596; 23.499; 23.4; 23.229999999999997; 23.06; 22.889999999999997; 22.72; 22.549999999999997; 22.38; 22.209999999999997; 22.040000000000003; 21.87; 21.699999999999996; 21.529999999999998; 21.36; 21.189999999999998; 21.019999999999996; 20.85; 20.68; 20.509999999999998; 20.339999999999996; 20.169999999999998; 20; 19.862000000000002; 19.728; 19.598000000000003; 19.472; 19.35; 19.232; 19.118000000000002; 19.008000000000003; 18.902; 18.799999999999997; 18.701999999999998; 18.608; 18.518; 18.432000000000002; 18.35; 18.272; 18.198; 18.128; 18.061999999999998; 18; 17.93125; 17.865; 17.80125; 17.740000000000006; 17.681250000000002; 17.625; 17.571250000000003; 17.520000000000003; 17.471249999999998; 17.424999999999997; 17.38125; 17.34; 17.30125; 17.265; 17.231250000000003; 17.2; 17.171250000000004; 17.145000000000003; 17.12125; ];
